1 3
2 1
3 4
4 4
5 2
6 2
7 3
8 1
9 4
10 6
11 7
12 3
13 3
14 2
15 4
16 2
17 1
18 2
19 1
20 2
21 5
22 2
23 3
24 2
25 6
26 4
27 1
28 3
29 6
30 2
31 3
32 2
33 2
34 2
35 4
36 4
37 1
38 3
39 2
40 3
41 2
42 3
43 4
44 2
45 4
46 5
47 3
48 3
49 2
50 4
51 1
52 5
53 3
54 2
55 1
56 2
57 7
58 3
59 1
60 4
61 2
62 8
63 5
64 2
65 2
66 3
67 1
68 3
69 4
70 4
71 2
72 1
73 7
74 2
75 4
76 4
77 4
78 3
79 3
80 5
81 3
82 2
83 3
84 3
85 4
86 4
87 3
88 6
89 10
90 9
91 3
92 6
93 8
94 5
95 4
96 5
97 5
98 3
99 4
100 7
101 15
102 4
103 3
104 9
105 5
106 8
107 8
108 8
109 4
110 6
111 10
112 3
113 6
114 7
115 9
116 5
117 1
118 5
119 7
120 6
121 1
122 4
123 4
124 2
125 2
126 3
127 4
128 3
129 3
130 2
131 4
132 4
133 3
134 6
135 1
136 3
137 3
138 8
139 4
140 3
141 4
142 3
143 2
144 2
145 2
146 2
147 5
148 1
149 3
150 6
151 3
152 3
153 2
154 5
155 2
156 2
157 1
158 2
159 3
160 3
161 2
162 5
163 6
164 2
165 6
166 2
167 4
168 3
169 2
170 2
171 3
172 3
173 8
174 2
175 5
176 2
177 4
178 8
179 3
180 1
181 3
182 1
183 2
184 3
185 4
186 3
187 2
188 10
189 10
190 3
191 10
192 4
193 7
194 12
195 2
196 7
197 5
198 7
199 6
200 9
201 9
202 10
203 5
204 5
205 7
206 7
207 1
208 8
209 3
210 3
211 5
212 10
213 6
214 4
215 9
216 3
217 10
218 7
219 7
220 9
221 5
222 8
223 11
224 2
225 3
226 4
227 3
228 4
229 4
230 3
231 5
232 5
233 1
234 3
235 4
236 2
237 2
238 3
239 3
240 2
241 2
242 4
243 2
244 5
245 4
246 2
247 5
248 2
249 4
250 5
251 3
252 4
253 2
254 3
255 4
256 2
257 2
258 4
259 8
260 1
261 3
262 3
263 1
264 1
265 6
266 4
267 2
268 7
269 3
270 2
271 4
272 2
273 3
274 2
275 3
276 3
277 1
278 3
279 5
280 2
281 10
282 5
283 2
284 1
285 7
286 2
287 3
288 6
289 2
290 2
291 3
292 4
293 3
294 2
295 4
296 1
297 1
298 1
299 5
300 2
301 7
302 2
303 3
304 4
306 2
307 3
308 6
309 5
310 1
311 1
312 3
313 2
314 3
315 3
316 6
317 5
319 6
320 5
321 3
322 3
323 1
324 2
325 6
326 1
327 1
328 1
329 4
330 2
331 7
332 3
333 1
334 4
335 2
336 5
337 1
338 9
339 7
340 6
341 7
342 10
343 7
344 11
345 6
346 6
347 12
348 13
349 8
350 12
351 9
352 10
353 8
354 3
355 15
356 9
357 9
358 6
359 11
360 13
361 3
362 9
363 9
364 11
365 15
366 6
367 9
368 13
369 11
370 12
371 7
372 14
373 8
374 3
375 8
376 4
377 7
378 4
379 7
380 3
381 7
382 3
383 5
384 1
385 1
386 1
387 2
388 2
389 2
390 2
391 7
392 2
393 4
394 5
395 1
396 5
397 1
398 3
399 7
400 4
401 3
402 4
403 5
404 3
405 6
406 4
407 1
408 4
409 3
410 2
411 3
412 6
413 5
414 2
415 5
416 3
417 2
418 3
419 3
420 5
421 5
422 2
423 2
424 2
425 7
426 4
427 2
428 5
429 2
430 3
431 4
432 4
433 2
434 2
435 2
436 2
437 4
438 3
439 3
440 3
441 3
442 3
443 2
444 6
445 3
446 3
447 2
448 2
449 2
450 3
451 3
452 4
453 4
454 2
455 2
456 4
457 4
458 4
459 1
460 5
461 2
462 2
463 2
464 2
465 2
466 3
467 2
468 5
469 6
470 4
471 4
472 2
473 3
474 5
475 2
476 5
477 4
478 5
479 3
480 3
481 3
482 4
483 2
484 4
485 1
486 3
487 4
488 2
489 8
490 5
491 2
492 3
493 3
494 5
495 5
496 7
497 9
498 3
499 6
500 13
501 6
502 10
503 4
504 3
505 6
506 5
507 8
508 5
509 7
510 6
511 8
512 6
513 6
514 8
515 6
516 3
517 6
518 5
519 6
520 5
521 5
522 7
523 5
524 5
525 4
526 9
527 9
528 7
529 5
530 6
531 3
532 4
533 3
534 6
535 4
536 7
537 3
538 5
539 7
540 8
541 4
542 6
543 5
544 7
545 6
546 6
547 13
548 9
549 7
550 6
551 7
552 7
553 8
554 7
555 7
556 6
557 6
558 15
559 4
560 8
561 7
562 7
563 3
564 4
565 3
566 6
567 1
568 3
569 2
570 1
571 3
572 2
573 2
574 1
575 2
576 4
577 1
578 8
579 6
580 4
581 9
582 6
583 5
584 9
585 2
586 6
587 13
588 10
589 8
590 5
591 8
592 8
593 8
594 6
595 5
596 14
597 5
598 11
599 9
600 3
601 13
602 4
603 5
604 5
605 5
606 5
607 13
608 6
609 9
610 4
611 4
612 9
613 6
614 6
615 4
616 3
617 2
618 2
619 3
620 2
621 2
622 5
623 3
624 2
625 3
626 2
627 4
628 3
629 3
630 5
631 5
632 5
633 6
634 3
635 4
636 2
637 4
638 1
639 1
640 2
641 4
642 3
643 5
644 4
645 4
646 3
647 8
648 2
649 8
650 7
651 2
652 8
653 6
654 3
655 12
656 7
657 7
658 4
659 5
660 5
661 12
662 7
663 7
664 3
665 10
666 5
667 7
668 5
669 9
670 6
671 6
672 10
673 11
674 2
675 11
676 7
677 7
678 2
679 4
680 5
681 4
682 7
683 8
684 7
685 2
686 2
687 3
688 4
689 1
690 2
691 2
692 2
693 5
694 2
695 4
696 1
697 2
698 2
699 2
700 5
701 5
702 4
703 5
704 2
705 7
706 2
707 4
708 2
709 3
710 3
711 5
712 4
713 4
714 4
715 6
716 4
717 4
718 3
719 1
720 2
721 6
722 1
723 3
724 4
725 5
726 2
727 4
728 3
729 2
730 2
731 2
732 6
733 3
734 3
735 3
736 1
737 5
738 1
739 3
740 6
741 2
742 9
743 5
744 6
745 4
746 3
747 3
748 1
749 2
750 4
751 2
752 2
753 1
754 5
755 2
756 1
757 2
758 2
759 1
760 2
761 5
762 2
763 2
764 5
765 3
766 4
767 5
768 8
769 7
770 9
771 9
772 4
773 9
774 5
775 8
776 6
777 6
778 9
779 10
780 6
781 6
782 10
783 8
784 3
785 6
786 5
787 3
788 5
789 2
790 8
791 6
792 7
793 5
794 8
795 13
796 6
797 9
798 7
799 9
800 6
801 4
802 5
803 4
804 1
805 1
806 3
807 4
808 5
809 3
810 2
811 3
812 2
813 3
814 3
815 5
816 7
817 3
818 2
819 2
820 3
821 2
822 6
823 3
824 1
825 4
826 2
827 2
828 3
829 3
830 2
831 5
832 1
833 3
834 3
835 3
836 4
837 3
838 5
839 4
840 3
841 4
842 1
843 2
844 6
845 5
846 2
847 6
848 2
849 2
850 8
851 1
852 2
853 2
854 2
855 3
856 4
857 3
858 4
859 2
860 6
861 4
862 1
863 8
864 4
865 2
866 6
867 4
868 6
869 5
870 8
871 9
872 7
873 4
874 6
875 4
876 6
877 9
878 7
879 10
880 8
881 6
882 5
883 7
884 7
885 6
886 12
887 4
888 3
889 7
890 10
891 4
892 9
893 10
894 5
895 7
896 6
897 8
898 7
899 7
900 5
901 6
902 4
903 6
904 4
905 11
906 4
907 6
908 3
909 7
910 6
911 8
912 2
913 14
914 9
915 5
916 7
917 5
918 15
919 5
920 7
921 7
922 11
923 7
924 5
925 3
926 5
927 8
928 5
929 4
930 4
931 10
932 11
933 9
934 11
935 5
936 7
937 9
938 5
939 5
940 4
941 7
942 2
943 3
944 4
945 4
946 5
947 4
948 3
949 2
950 3
951 2
952 3
953 5
954 3
955 2
956 4
957 3
958 2
959 1
960 7
961 2
962 3
963 3
964 4
965 2
966 6
967 1
968 3
969 2
970 2
971 4
972 2
973 4
974 3
975 2
976 3
977 4
978 2
979 4
980 4
981 3
982 6
983 3
984 1
985 2
986 3
987 3
988 2
989 2
990 1
991 3
992 1
993 1
994 2
995 2
996 2
997 3
998 3
999 2
1000 2
1001 4
1002 2
1003 2
1004 5
1005 4
1006 4
1007 3
1008 2
1009 4
1010 2
1011 3
1012 3
1013 5
1014 2
1015 3
1016 3
1017 7
1018 4
1019 4
1020 5
1021 7
1022 5
1023 4
1024 9
1025 6
1026 8
1027 5
1028 10
1029 12
1030 6
1031 14
1032 9
1033 6
1034 15
1035 8
1036 7
1037 13
1038 11
1039 14
1040 12
1041 15
1042 7
1043 7
1044 7
1045 8
1046 12
1047 6
1048 14
1049 16
1050 9
1051 14
1052 11
1053 5
1054 11
1055 4
1056 11
1057 11
1058 6
1059 9
1060 5
1061 8
1062 2
1063 2
1064 3
1065 3
1066 2
1067 2
1068 4
1069 1
1070 7
1071 5
1072 5
1073 4
1074 1
1075 3
1076 1
1077 3
1078 3
1079 2
1080 1
1081 4
1082 3
1083 3
1084 3
1085 1
1086 5
1087 3
1088 3
1089 3
1090 3
1091 4
1092 4
1093 4
1094 5
1095 1
1096 3
1097 3
1098 3
1099 5
1100 1
1101 6
1102 4
1103 2
1104 1
1105 2
1106 2
1107 9
1108 3
1109 3
1110 7
1111 4
1112 4
1113 11
1114 7
1115 6
1116 6
1117 4
1118 3
1119 9
1120 8
1121 10
1122 7
1123 11
1124 7
1125 4
1126 14
1127 14
1128 9
1129 6
1130 5
1131 6
1132 10
1133 8
1134 5
1135 2
1136 5
1137 8
1138 7
1139 6
1140 7
1141 6
1142 12
1143 2
1144 6
1145 6
1146 1
1147 4
1148 2
1149 3
1150 4
1151 1
1152 2
1153 2
1154 3
1155 6
1156 1
1157 4
1158 3
1159 3
1160 2
1161 5
1162 2
1163 5
1164 2
1165 2
1166 3
1167 5
1168 2
1169 3
1170 2
1171 3
1172 9
1173 9
1174 7
1175 8
1176 8
1177 11
1178 6
1179 6
1180 5
1181 4
1182 6
1183 3
1184 2
1185 6
1186 6
1187 10
1188 6
1189 7
1190 6
1191 2
1192 9
1193 5
1194 7
1195 8
1196 5
1197 3
1198 7
1199 1
1200 6
1201 9
1202 9
1203 6
1204 7
1205 12
1206 6
1207 13
1208 8
1209 10
1210 8
1211 6
1212 6
1213 5
1214 5
1215 3
1216 5
1217 7
1218 10
1219 8
1220 5
1221 7
1222 8
1223 4
1224 4
1225 8
1226 5
1227 11
1228 5
1229 5
1230 8
1231 7
1232 6
1233 7
1234 3
1235 10
1236 5
1237 6
1238 6
1239 7
1240 4
1241 7
1242 7
1243 1
1244 2
1245 5
1246 8
1247 3
1248 3
1249 3
1250 4
1251 6
1252 5
1253 2
1254 3
1255 3
1256 6
1257 6
1258 12
1259 10
1260 7
1261 8
1262 8
1263 5
1264 4
1265 5
1266 4
1267 2
1268 6
1269 7
1270 6
1271 5
1272 7
1273 3
1274 7
1275 7
1276 6
1277 6
1278 6
1279 9
1280 4
1281 5
1282 4
1283 10
1284 8
1285 3
1286 3
1287 4
1288 7
1289 5
1290 2
1291 5
1292 6
1293 2
1294 3
1295 7
1296 2
1297 2
1298 2
1299 5
1300 3
1301 2
1302 4
1303 1
1304 6
1305 1
1306 1
1307 2
1308 3
1309 3
1310 6
1311 8
1312 2
1313 3
1314 1
1315 5
1316 2
1317 2
1318 5
1319 3
1320 2
1321 3
1322 4
1323 3
1324 7
1325 3
1326 3
1327 6
1328 2
1329 6
1330 8
1331 3
1332 6
1333 4
1334 4
1335 3
1336 2
1337 7
1338 5
1339 6
1340 3
1341 3
1342 2
1343 3
1344 1
1345 4
1346 2
1347 5
1348 5
1349 4
1350 2
1351 6
1352 4
1353 2
1354 4
1355 4
1356 4
1357 6
1358 10
1359 6
1360 7
1361 2
1362 7
1363 1
1364 4
1365 8
1366 12
1367 13
1368 11
1369 9
1370 4
1371 6
1372 7
1373 8
1374 11
1375 8
1376 10
1377 6
1378 9
1379 6
1380 5
1381 6
1382 12
1383 9
1384 7
1385 14
1386 13
1387 11
1388 5
1389 10
1390 11
1391 7
1392 9
1393 5
1394 3
1395 6
1396 8
1397 7
1398 5
1399 4
1400 5
